$ln;Dungeon
14,-7,0//1x1
13,-7,0//1x1
21,-8,0//1x1
[7,-8,0]
-1,0,0,0|||StartingPoint.tscn
[8,-8,0]
1,0,-1,0|||StartingPoint.tscn
[9,-8,0]
-1,0,1,0|||MovementRoom.tscn
[10,-8,0]
1,0,-1,0|||MovementRoom.tscn
[11,-8,0]
-1,0,1,0|||SlideTutorial.tscn
[12,-8,0]
1,0,-1,0|||SlideTutorial.tscn
[13,-7,0]
-1,0,0,-1|||JumpingPuzzle1-Easy.tscn
[14,-7,0]
1,0,-1,-1|||JumpingPuzzle1-Easy.tscn
[15,-7,0]
-1,0,1,0|||Corridor1.tscn
[13,-8,0]
-1,-1,1,0|||JumpingPuzzle1-Easy.tscn
[14,-8,0]
0,-1,-1,0|||JumpingPuzzle1-Easy.tscn
[16,-7,0]
0,1,-1,0|||Corridor1.tscn
[16,-6,0]
-1,0,0,1|||Corridor2.tscn
[17,-6,0]
0,1,-1,0|||Corridor2.tscn
[17,-5,0]
-1,1,0,1|||
[18,-5,0]
1,1,-1,0|||
[19,-5,0]
-1,-1,1,0|||
[20,-5,0]
1,-1,-1,1|||
[19,-4,0]
-1,0,0,-1||0|
[20,-4,0]
1,1,-1,-1||1|
[20,-7,0]
1,-1,0,0|||
[20,-6,0]
0,1,0,-1|||
[21,-7,0]
0,0,1,1|||
[21,-8,0]
-1,1,0,0|||
[22,-8,0]
0,1,-1,0|||
[22,-7,0]
0,-1,0,1|||
[22,-6,0]
0,1,0,-1|||
[21,-5,0]
-1,0,1,0|||
[22,-5,0]
0,0,-1,1||4|
[18,-4,0]
0,1,0,1|||
[17,-4,0]
0,0,1,1|||
[18,-3,0]
0,-1,0,1|||
[18,-2,0]
0,1,0,-1|||
[17,-1,0]
-1,0,1,0|||
[18,-1,0]
0,0,-1,1|||
[16,-1,0]
1,-1,1,0|||
[16,0,0]
0,0,0,-1|||
[15,-2,0]
0,-1,0,1|||
[15,-1,0]
1,0,0,-1||4|
[16,-4,0]
1,1,0,0|||
[15,-3,0]
-1,1,0,0|||
[16,-3,0]
0,0,-1,1|||
[21,-4,0]
-1,0,1,0|||
[22,-4,0]
-1,0,-1,0|||
[23,-4,0]
-1,0,-1,0|||
[24,-4,0]
0,1,-1,0|||
[24,-3,0]
-1,0,0,1|||
[25,-3,0]
1,0,-1,0|||
[20,-3,0]
0,-1,0,1|||
[20,-2,0]
0,-1,0,-1|||
[20,-1,0]
0,1,0,-1|||
[20,0,0]
-1,0,0,1|||
[21,0,0]
0,0,-1,1|||
[21,-1,0]
-1,1,0,0|||
[22,-1,0]
0,1,-1,0|||
[22,0,0]
0,-1,0,1|||
[22,1,0]
1,0,0,-1|||
[23,1,0]
-1,0,1,0|||
[24,1,0]
1,0,-1,0|||
[25,0,0]
0,-1,0,0|||
[25,1,0]
1,-1,1,-1|||
[25,2,0]
0,0,0,-1|||
[26,1,0]
0,0,1,0||1|
[26,-4,0]
1,-1,0,0|||
[26,-3,0]
0,0,1,-1|||
[27,-4,0]
-1,0,1,0|||
[28,-4,0]
-1,0,-1,0|||
[29,-4,0]
1,0,-1,0|||
[30,-5,0]
-1,-1,0,0|||
[31,-5,0]
0,-1,-1,0|||
[30,-4,0]
-1,0,1,-1|||
[31,-4,0]
0,0,-1,-1|||
